map/NANHSI_TERRAN01.GRD
DSAA
351 341
0 350
160 500
1939.16 2064.11                 
[rows 180 to 209 of 341, columns 268 to 334 of 351]
1998.98 1999.48 1999.97 2000.24 2000.52 2000.78 2001.03 2001.26 2001.5 2001.7 2001.87 2002.02 2002.14 2002.1 2002.03 2001.93 2001.8 2001.64 2001.47 2001.26 2001.02 2000.77 2000.5 1999.97 1999.42 1998.87 1998.3 1997.73 1997.16 1996.59 1996.02 1995.47 1994.92 1994.79 1994.68 1994.58 1994.49 1994.43 1994.37 1994.34 1994.33 1994.34 1994.37 1994.62 1994.88 1995.16 1995.45 1995.75 1996.07 1996.41 1996.75 1997.11 1997.47 1997.85 1998.24 1998.62 1999.01 1999.39 1999.78 2000.17 2000.56 2000.95 2001.33 2001.4 2001.47 2001.54 2001.6
1999.35 1999.8 2000.2 2000.52 2000.78 2001.02 2001.26 2001.48 2001.69 2001.9 2002.07 2002.22 2002.32 2002.34 2002.3 2002.23 2002.15 2002.03 2001.88 2001.7 2001.5 2001.25 2000.94 2000.49 1999.98 1999.44 1998.88 1998.32 1997.74 1997.17 1996.6 1996.06 1995.61 1995.33 1995.13 1994.98 1994.84 1994.73 1994.65 1994.6 1994.55 1994.54 1994.59 1994.73 1994.94 1995.17 1995.43 1995.71 1996.01 1996.34 1996.67 1997.02 1997.38 1997.75 1998.14 1998.53 1998.93 1999.32 1999.73 2000.12 2000.52 2000.9 2001.22 2001.4 2001.51 2001.61 2001.69
1999.69 2000.08 2000.44 2000.76 2001.03 2001.27 2001.49 2001.71 2001.91 2002.1 2002.27 2002.4 2002.5 2002.55 2002.56 2002.53 2002.48 2002.39 2002.28 2002.13 2001.95 2001.71 2001.4 2000.98 2000.52 2000.01 1999.47 1998.91 1998.34 1997.78 1997.22 1996.72 1996.28 1995.93 1995.66 1995.44 1995.26 1995.11 1994.98 1994.87 1994.8 1994.77 1994.8 1994.9 1995.05 1995.24 1995.47 1995.72 1996 1996.3 1996.62 1996.95 1997.3 1997.67 1998.06 1998.45 1998.85 1999.25 1999.66 2000.07 2000.46 2000.82 2001.12 2001.35 2001.52 2001.66 2001.78
2000.01 2000.35 2000.67 2000.98 2001.24 2001.48 2001.7 2001.91 2002.1 2002.28 2002.44 2002.58 2002.67 2002.75 2002.79 2002.81 2002.79 2002.74 2002.67 2002.55 2002.39 2002.17 2001.88 2001.49 2001.06 2000.57 2000.05 1999.51 1998.96 1998.41 1997.87 1997.37 1996.94 1996.54 1996.22 1995.95 1995.71 1995.51 1995.33 1995.19 1995.08 1995.02 1995.01 1995.07 1995.17 1995.33 1995.52 1995.74 1995.99 1996.26 1996.56 1996.88 1997.21 1997.57 1997.97 1998.36 1998.76 1999.17 1999.58 1999.99 2000.37 2000.73 2001.05 2001.3 2001.52 2001.7 2001.86
2000.3 2000.61 2000.9 2001.2 2001.45 2001.68 2001.89 2002.09 2002.27 2002.44 2002.6 2002.74 2002.85 2002.94 2003.02 2003.07 2003.09 2003.08 2003.05 2002.96 2002.83 2002.64 2002.39 2002.02 2001.61 2001.15 2000.65 2000.12 1999.58 1999.04 1998.52 1998.02 1997.58 1997.14 1996.78 1996.46 1996.18 1995.92 1995.7 1995.51 1995.37 1995.27 1995.22 1995.24 1995.3 1995.42 1995.58 1995.77 1995.99 1996.23 1996.51 1996.81 1997.13 1997.5 1997.88 1998.27 1998.68 1999.09 1999.5 1999.91 2000.3 2000.66 2000.99 2001.28 2001.52 2001.74 2001.94
2000.59 2000.87 2001.12 2001.41 2001.64 2001.86 2002.06 2002.26 2002.43 2002.6 2002.75 2002.89 2003.01 2003.13 2003.23 2003.32 2003.38 2003.42 2003.42 2003.38 2003.29 2003.13 2002.91 2002.56 2002.18 2001.74 2001.25 2000.74 2000.21 1999.68 1999.16 1998.66 1998.21 1997.75 1997.35 1996.99 1996.65 1996.35 1996.08 1995.85 1995.66 1995.52 1995.43 1995.4 1995.44 1995.52 1995.65 1995.8 1995.99 1996.21 1996.46 1996.75 1997.05 1997.41 1997.78 1998.18 1998.59 1999.01 1999.42 1999.83 2000.23 2000.6 2000.95 2001.26 2001.54 2001.79 2002.03
2000.87 2001.12 2001.38 2001.61 2001.83 2002.04 2002.23 2002.42 2002.59 2002.74 2002.89 2003.03 2003.18 2003.3 2003.44 2003.56 2003.66 2003.74 2003.79 2003.8 2003.76 2003.65 2003.43 2003.13 2002.76 2002.33 2001.85 2001.35 2000.83 2000.31 1999.79 1999.29 1998.81 1998.34 1997.91 1997.51 1997.14 1996.79 1996.47 1996.19 1995.95 1995.76 1995.64 1995.57 1995.58 1995.63 1995.73 1995.86 1996.02 1996.2 1996.42 1996.68 1996.98 1997.32 1997.69 1998.09 1998.51 1998.93 1999.36 1999.78 2000.18 2000.56 2000.92 2001.25 2001.56 2001.85 2002.11
2001.15 2001.38 2001.59 2001.82 2002.02 2002.21 2002.4 2002.57 2002.73 2002.88 2003.03 2003.17 2003.32 2003.48 2003.63 2003.79 2003.93 2004.06 2004.16 2004.22 2004.24 2004.16 2004 2003.72 2003.36 2002.92 2002.45 2001.95 2001.43 2000.92 2000.41 1999.9 1999.42 1998.93 1998.48 1998.04 1997.63 1997.24 1996.87 1996.54 1996.25 1996.01 1995.84 1995.75 1995.72 1995.75 1995.83 1995.93 1996.06 1996.21 1996.39 1996.62 1996.89 1997.23 1997.61 1998.02 1998.44 1998.87 1999.31 1999.73 2000.14 2000.54 2000.91 2001.27 2001.6 2001.91 2002.21
2001.43 2001.62 2001.81 2002.01 2002.2 2002.39 2002.57 2002.73 2002.89 2003.02 2003.15 2003.29 2003.44 2003.62 2003.81 2004 2004.19 2004.36 2004.51 2004.63 2004.71 2004.71 2004.6 2004.33 2003.95 2003.5 2003.03 2002.53 2002.02 2001.52 2001.01 2000.51 2000.02 1999.52 1999.04 1998.58 1998.13 1997.7 1997.29 1996.9 1996.55 1996.25 1996.03 1995.92 1995.88 1995.9 1995.95 1996.03 1996.12 1996.24 1996.38 1996.56 1996.81 1997.15 1997.53 1997.96 1998.39 1998.83 1999.27 1999.7 2000.12 2000.53 2000.92 2001.29 2001.64 2001.98 2002.3
2001.7 2001.86 2002.02 2002.21 2002.4 2002.58 2002.75 2002.91 2003.05 2003.17 2003.28 2003.4 2003.54 2003.75 2003.97 2004.2 2004.44 2004.64 2004.84 2005.01 2005.15 2005.25 2005.22 2004.93 2004.51 2004.05 2003.57 2003.08 2002.59 2002.09 2001.6 2001.11 2000.61 2000.11 1999.61 1999.12 1998.63 1998.17 1997.72 1997.29 1996.88 1996.51 1996.22 1996.1 1996.07 1996.08 1996.11 1996.16 1996.23 1996.31 1996.4 1996.53 1996.73 1997.08 1997.5 1997.93 1998.38 1998.82 1999.26 1999.69 2000.12 2000.54 2000.94 2001.33 2001.7 2002.05 2002.4
2001.99 2002.11 2002.22 2002.43 2002.61 2002.78 2002.94 2003.08 2003.21 2003.33 2003.44 2003.54 2003.62 2003.9 2004.16 2004.41 2004.65 2004.9 2005.12 2005.32 2005.51 2005.69 2005.86 2005.43 2004.99 2004.53 2004.07 2003.6 2003.13 2002.65 2002.17 2001.69 2001.21 2000.69 2000.17 1999.66 1999.16 1998.66 1998.18 1997.71 1997.26 1996.82 1996.4 1996.35 1996.32 1996.31 1996.31 1996.33 1996.36 1996.42 1996.48 1996.56 1996.65 1997.08 1997.51 1997.95 1998.4 1998.84 1999.27 1999.7 2000.14 2000.56 2000.98 2001.37 2001.76 2002.13 2002.5
2002.29 2002.4 2002.51 2002.66 2002.81 2002.95 2003.08 2003.21 2003.34 2003.48 2003.6 2003.72 2003.86 2004.09 2004.34 2004.59 2004.84 2005.08 2005.31 2005.54 2005.75 2005.91 2005.94 2005.71 2005.34 2004.94 2004.53 2004.09 2003.65 2003.18 2002.71 2002.25 2001.76 2001.25 2000.73 2000.21 1999.7 1999.19 1998.69 1998.2 1997.72 1997.28 1996.93 1996.74 1996.64 1996.57 1996.54 1996.52 1996.53 1996.58 1996.63 1996.71 1996.88 1997.18 1997.57 1997.98 1998.41 1998.84 1999.28 1999.72 2000.16 2000.59 2001.01 2001.42 2001.82 2002.2 2002.58
2002.59 2002.69 2002.8 2002.93 2003.05 2003.18 2003.3 2003.42 2003.54 2003.66 2003.79 2003.92 2004.09 2004.3 2004.54 2004.79 2005.04 2005.28 2005.51 2005.73 2005.91 2006.03 2006.03 2005.88 2005.62 2005.29 2004.92 2004.53 2004.12 2003.69 2003.25 2002.8 2002.32 2001.81 2001.29 2000.77 2000.24 1999.72 1999.2 1998.7 1998.23 1997.8 1997.45 1997.2 1997.02 1996.91 1996.83 1996.79 1996.77 1996.79 1996.84 1996.93 1997.11 1997.37 1997.72 1998.09 1998.49 1998.91 1999.34 1999.77 2000.21 2000.63 2001.06 2001.47 2001.89 2002.28 2002.68
2002.9 2003 2003.09 2003.19 2003.31 2003.42 2003.53 2003.63 2003.75 2003.86 2003.99 2004.13 2004.29 2004.5 2004.74 2004.97 2005.22 2005.45 2005.68 2005.88 2006.04 2006.14 2006.15 2006.05 2005.86 2005.6 2005.29 2004.95 2004.58 2004.19 2003.77 2003.34 2002.88 2002.37 2001.86 2001.33 2000.8 2000.26 1999.74 1999.23 1998.75 1998.32 1997.96 1997.66 1997.44 1997.28 1997.16 1997.08 1997.04 1997.04 1997.08 1997.17 1997.34 1997.57 1997.88 1998.23 1998.6 1999 1999.42 1999.84 2000.27 2000.7 2001.12 2001.54 2001.96 2002.37 2002.77
2003.22 2003.3 2003.38 2003.47 2003.57 2003.66 2003.75 2003.85 2003.95 2004.06 2004.19 2004.33 2004.47 2004.69 2004.91 2005.14 2005.38 2005.61 2005.83 2006.02 2006.17 2006.27 2006.29 2006.23 2006.09 2005.89 2005.64 2005.35 2005.03 2004.67 2004.29 2003.88 2003.44 2002.94 2002.43 2001.9 2001.36 2000.82 2000.29 1999.77 1999.29 1998.85 1998.46 1998.12 1997.86 1997.66 1997.51 1997.4 1997.33 1997.31 1997.34 1997.42 1997.56 1997.79 1998.06 1998.38 1998.73 1999.11 1999.51 1999.93 2000.35 2000.77 2001.19 2001.63 2002.04 2002.46 2002.86
2003.53 2003.6 2003.68 2003.75 2003.82 2003.9 2003.98 2004.06 2004.15 2004.25 2004.37 2004.5 2004.66 2004.86 2005.07 2005.29 2005.53 2005.75 2005.97 2006.15 2006.3 2006.4 2006.44 2006.41 2006.32 2006.17 2005.98 2005.74 2005.46 2005.15 2004.81 2004.42 2003.98 2003.52 2003.01 2002.48 2001.93 2001.38 2000.84 2000.31 1999.81 1999.36 1998.95 1998.57 1998.29 1998.05 1997.87 1997.73 1997.64 1997.59 1997.6 1997.66 1997.79 1997.99 1998.24 1998.53 1998.87 1999.24 1999.62 2000.03 2000.44 2000.86 2001.28 2001.71 2002.13 2002.55 2002.96
2003.85 2003.91 2003.97 2004.02 2004.08 2004.14 2004.21 2004.27 2004.35 2004.44 2004.54 2004.66 2004.84 2005 2005.21 2005.43 2005.66 2005.89 2006.1 2006.29 2006.44 2006.55 2006.6 2006.61 2006.56 2006.46 2006.31 2006.12 2005.89 2005.63 2005.32 2004.97 2004.56 2004.11 2003.6 2003.07 2002.51 2001.95 2001.39 2000.84 2000.33 1999.85 1999.42 1999.02 1998.71 1998.45 1998.23 1998.07 1997.94 1997.87 1997.85 1997.9 1998.01 1998.18 1998.41 1998.69 1999.02 1999.37 1999.75 2000.14 2000.55 2000.96 2001.38 2001.81 2002.23 2002.65 2003.07
2004.17 2004.21 2004.26 2004.3 2004.34 2004.38 2004.43 2004.48 2004.54 2004.61 2004.7 2004.82 2004.97 2005.13 2005.34 2005.56 2005.79 2006.02 2006.23 2006.42 2006.59 2006.71 2006.79 2006.82 2006.81 2006.74 2006.64 2006.5 2006.32 2006.11 2005.85 2005.54 2005.15 2004.71 2004.21 2003.66 2003.09 2002.51 2001.93 2001.37 2000.83 2000.33 1999.87 1999.46 1999.12 1998.84 1998.6 1998.4 1998.26 1998.15 1998.11 1998.13 1998.21 1998.37 1998.59 1998.86 1999.18 1999.52 1999.89 2000.27 2000.67 2001.07 2001.49 2001.92 2002.34 2002.76 2003.18
2004.48 2004.52 2004.55 2004.58 2004.6 2004.63 2004.66 2004.69 2004.74 2004.79 2004.85 2004.95 2005.08 2005.26 2005.46 2005.69 2005.92 2006.15 2006.36 2006.56 2006.74 2006.88 2006.98 2007.04 2007.05 2007.02 2006.96 2006.87 2006.74 2006.57 2006.37 2006.11 2005.76 2005.32 2004.81 2004.25 2003.66 2003.07 2002.48 2001.89 2001.33 2000.79 2000.31 1999.88 1999.53 1999.23 1998.97 1998.75 1998.57 1998.44 1998.36 1998.34 1998.4 1998.55 1998.76 1999.03 1999.34 1999.68 2000.04 2000.42 2000.8 2001.2 2001.61 2002.04 2002.46 2002.89 2003.31
2004.79 2004.82 2004.85 2004.86 2004.86 2004.87 2004.88 2004.9 2004.93 2004.96 2005 2005.07 2005.17 2005.36 2005.58 2005.81 2006.05 2006.28 2006.5 2006.71 2006.89 2007.05 2007.18 2007.26 2007.29 2007.3 2007.28 2007.22 2007.14 2007.03 2006.88 2006.69 2006.4 2005.95 2005.41 2004.84 2004.23 2003.62 2003.02 2002.41 2001.82 2001.25 2000.74 2000.3 1999.94 1999.62 1999.35 1999.1 1998.89 1998.73 1998.6 1998.55 1998.57 1998.72 1998.95 1999.22 1999.53 1999.86 2000.22 2000.57 2000.95 2001.34 2001.74 2002.16 2002.59 2003.02 2003.44
2005.1 2005.12 2005.15 2005.13 2005.12 2005.11 2005.11 2005.12 2005.12 2005.15 2005.18 2005.21 2005.25 2005.48 2005.71 2005.94 2006.17 2006.41 2006.63 2006.84 2007.04 2007.22 2007.39 2007.47 2007.53 2007.57 2007.58 2007.56 2007.52 2007.45 2007.35 2007.22 2007.06 2006.53 2005.97 2005.39 2004.79 2004.17 2003.55 2002.94 2002.33 2001.73 2001.14 2000.75 2000.37 2000.03 1999.72 1999.45 1999.21 1999.02 1998.88 1998.78 1998.72 1998.91 1999.15 1999.42 1999.72 2000.06 2000.4 2000.76 2001.13 2001.5 2001.87 2002.32 2002.75 2003.18 2003.59
2005.39 2005.39 2005.38 2005.35 2005.33 2005.29 2005.28 2005.27 2005.28 2005.31 2005.34 2005.39 2005.48 2005.65 2005.85 2006.06 2006.28 2006.5 2006.72 2006.94 2007.15 2007.35 2007.51 2007.65 2007.74 2007.81 2007.86 2007.88 2007.87 2007.83 2007.76 2007.63 2007.4 2006.98 2006.47 2005.91 2005.33 2004.72 2004.11 2003.48 2002.86 2002.26 2001.71 2001.24 2000.82 2000.45 2000.11 1999.81 1999.55 1999.34 1999.18 1999.06 1999.05 1999.16 1999.36 1999.61 1999.9 2000.22 2000.57 2000.95 2001.32 2001.71 2002.1 2002.51 2002.93 2003.34 2003.74
2005.66 2005.65 2005.63 2005.58 2005.55 2005.52 2005.5 2005.49 2005.49 2005.51 2005.55 2005.6 2005.69 2005.85 2006.03 2006.22 2006.43 2006.64 2006.85 2007.07 2007.27 2007.47 2007.64 2007.81 2007.94 2008.05 2008.13 2008.19 2008.21 2008.2 2008.13 2008 2007.76 2007.4 2006.94 2006.41 2005.85 2005.25 2004.64 2004.02 2003.41 2002.81 2002.26 2001.75 2001.29 2000.88 2000.51 2000.18 1999.89 1999.65 1999.48 1999.37 1999.36 1999.43 1999.6 1999.84 2000.12 2000.45 2000.8 2001.17 2001.55 2001.94 2002.33 2002.73 2003.14 2003.53 2003.92
2005.95 2005.91 2005.87 2005.81 2005.78 2005.75 2005.72 2005.71 2005.71 2005.72 2005.76 2005.81 2005.9 2006.04 2006.21 2006.38 2006.57 2006.77 2006.98 2007.19 2007.39 2007.59 2007.77 2007.97 2008.13 2008.27 2008.39 2008.48 2008.54 2008.55 2008.5 2008.38 2008.16 2007.82 2007.4 2006.91 2006.36 2005.78 2005.18 2004.56 2003.96 2003.36 2002.79 2002.26 2001.77 2001.32 2000.91 2000.55 2000.23 1999.97 1999.78 1999.66 1999.63 1999.69 1999.85 2000.07 2000.35 2000.68 2001.03 2001.41 2001.8 2002.19 2002.58 2002.97 2003.37 2003.74 2004.11
2006.23 2006.17 2006.12 2006.06 2006.01 2005.97 2005.94 2005.92 2005.92 2005.93 2005.96 2006.02 2006.09 2006.24 2006.38 2006.54 2006.72 2006.91 2007.1 2007.3 2007.5 2007.7 2007.9 2008.12 2008.31 2008.49 2008.64 2008.77 2008.86 2008.9 2008.88 2008.77 2008.58 2008.27 2007.88 2007.4 2006.87 2006.3 2005.71 2005.1 2004.49 2003.89 2003.31 2002.75 2002.23 2001.75 2001.31 2000.91 2000.56 2000.27 2000.06 1999.93 1999.88 1999.93 2000.08 2000.3 2000.58 2000.91 2001.28 2001.66 2002.06 2002.46 2002.85 2003.25 2003.62 2003.97 2004.31
2006.52 2006.44 2006.37 2006.3 2006.24 2006.2 2006.17 2006.14 2006.13 2006.14 2006.17 2006.22 2006.29 2006.42 2006.55 2006.7 2006.86 2007.04 2007.22 2007.41 2007.61 2007.81 2008.02 2008.27 2008.48 2008.7 2008.89 2009.06 2009.19 2009.27 2009.28 2009.2 2009.03 2008.75 2008.37 2007.91 2007.39 2006.83 2006.23 2005.63 2005.02 2004.41 2003.83 2003.23 2002.68 2002.17 2001.69 2001.26 2000.88 2000.56 2000.31 2000.16 2000.11 2000.14 2000.28 2000.51 2000.81 2001.15 2001.53 2001.93 2002.34 2002.75 2003.14 2003.53 2003.88 2004.21 2004.53
2006.8 2006.71 2006.62 2006.54 2006.48 2006.43 2006.39 2006.36 2006.35 2006.35 2006.37 2006.41 2006.49 2006.6 2006.71 2006.85 2007 2007.17 2007.34 2007.52 2007.71 2007.92 2008.15 2008.4 2008.65 2008.9 2009.13 2009.35 2009.52 2009.65 2009.7 2009.67 2009.51 2009.25 2008.89 2008.43 2007.91 2007.34 2006.75 2006.14 2005.53 2004.92 2004.31 2003.7 2003.13 2002.58 2002.07 2001.6 2001.18 2000.82 2000.54 2000.36 2000.28 2000.31 2000.46 2000.71 2001.02 2001.39 2001.79 2002.21 2002.64 2003.06 2003.46 2003.83 2004.16 2004.47 2004.76
2007.09 2006.97 2006.87 2006.79 2006.71 2006.66 2006.61 2006.58 2006.56 2006.56 2006.57 2006.61 2006.67 2006.77 2006.88 2007.01 2007.15 2007.3 2007.47 2007.63 2007.81 2008.02 2008.25 2008.52 2008.8 2009.09 2009.37 2009.63 2009.85 2010.03 2010.14 2010.15 2010.04 2009.79 2009.42 2008.95 2008.42 2007.85 2007.25 2006.64 2006.03 2005.4 2004.79 2004.16 2003.57 2002.99 2002.44 2001.93 2001.47 2001.06 2000.74 2000.51 2000.42 2000.45 2000.62 2000.89 2001.24 2001.63 2002.06 2002.51 2002.96 2003.4 2003.8 2004.16 2004.46 2004.74 2005
2007.38 2007.24 2007.12 2007.04 2006.95 2006.89 2006.84 2006.81 2006.78 2006.77 2006.77 2006.8 2006.85 2006.94 2007.04 2007.17 2007.3 2007.45 2007.6 2007.75 2007.91 2008.1 2008.33 2008.62 2008.94 2009.28 2009.6 2009.9 2010.18 2010.41 2010.59 2010.67 2010.6 2010.35 2009.95 2009.46 2008.91 2008.34 2007.74 2007.13 2006.51 2005.88 2005.25 2004.61 2004 2003.39 2002.81 2002.26 2001.76 2001.3 2000.91 2000.62 2000.5 2000.55 2000.76 2001.07 2001.45 2001.87 2002.32 2002.8 2003.28 2003.75 2004.17 2004.51 2004.78 2005.02 2005.25
2007.67 2007.51 2007.38 2007.28 2007.21 2007.14 2007.09 2007.04 2007.01 2006.99 2006.97 2006.99 2007.02 2007.11 2007.21 2007.33 2007.47 2007.6 2007.74 2007.88 2008.03 2008.19 2008.4 2008.72 2009.09 2009.47 2009.82 2010.16 2010.48 2010.77 2011.01 2011.19 2011.21 2010.92 2010.46 2009.93 2009.38 2008.8 2008.2 2007.59 2006.97 2006.35 2005.72 2005.06 2004.41 2003.79 2003.18 2002.6 2002.06 2001.55 2001.09 2000.72 2000.53 2000.63 2000.91 2001.26 2001.67 2002.11 2002.59 2003.09 2003.6 2004.12 2004.57 2004.87 2005.1 2005.31 2005.51
