map/NANHSI_TERRAN01.GRD
DSAA
351 341
0 350
160 500
1939.16 2064.11                 
[rows 120 to 149 of 341, columns 0 to 66 of 351]
2015.87 2015.62 2015.35 2015.05 2014.74 2014.39 2014.06 2013.74 2013.42 2013.13 2012.85 2012.58 2012.34 2012.13 2011.95 2011.78 2011.67 2011.59 2011.56 2011.57 2011.62 2011.14 2010.71 2010.32 2009.98 2009.68 2009.45 2009.26 2009.13 2009.06 2009.06 2008.45 2007.89 2007.38 2006.91 2006.5 2006.11 2005.75 2005.42 2005.1 2004.81 2004.02 2003.25 2002.49 2001.74 2001.02 2000.32 1999.64 1998.98 1995.72 1992.49 1991.56 1990.65 1989.78 1988.93 1988.11 1987.31 1986.52 1985.75 1984.99 1984.23 1983.4 1982.57 1981.75 1980.92 1980.09 1979.27
2016.22 2016.05 2015.79 2015.5 2015.18 2014.85 2014.51 2014.18 2013.85 2013.54 2013.24 2012.95 2012.7 2012.45 2012.25 2012.07 2011.93 2011.83 2011.74 2011.67 2011.51 2011.18 2010.76 2010.36 2009.99 2009.66 2009.38 2009.16 2008.97 2008.8 2008.57 2008.11 2007.58 2007.06 2006.58 2006.13 2005.71 2005.33 2004.94 2004.55 2004.07 2003.39 2002.62 2001.83 2001.04 2000.26 1999.46 1998.57 1997.21 1994.91 1992.57 1991.08 1990.03 1989.11 1988.26 1987.45 1986.67 1985.91 1985.17 1984.43 1983.68 1982.91 1982.11 1981.3 1980.5 1979.69 1978.88
2016.57 2016.42 2016.18 2015.89 2015.58 2015.24 2014.9 2014.55 2014.2 2013.88 2013.56 2013.25 2012.96 2012.7 2012.47 2012.26 2012.08 2011.92 2011.76 2011.6 2011.36 2011.04 2010.64 2010.24 2009.84 2009.48 2009.15 2008.86 2008.59 2008.32 2008 2007.57 2007.08 2006.58 2006.1 2005.63 2005.19 2004.75 2004.3 2003.83 2003.27 2002.59 2001.83 2001.01 2000.17 1999.29 1998.35 1997.24 1995.8 1993.98 1992.14 1990.65 1989.49 1988.51 1987.64 1986.84 1986.07 1985.33 1984.61 1983.88 1983.15 1982.41 1981.64 1980.87 1980.09 1979.3 1978.51
2016.91 2016.76 2016.53 2016.25 2015.93 2015.58 2015.22 2014.86 2014.5 2014.15 2013.81 2013.46 2013.15 2012.86 2012.6 2012.35 2012.12 2011.9 2011.68 2011.44 2011.15 2010.81 2010.41 2009.99 2009.57 2009.17 2008.79 2008.43 2008.08 2007.73 2007.35 2006.92 2006.46 2005.97 2005.49 2005.02 2004.54 2004.07 2003.57 2003.02 2002.41 2001.7 2000.92 2000.07 1999.17 1998.2 1997.15 1995.94 1994.55 1992.99 1991.43 1990.05 1988.89 1987.89 1987.02 1986.22 1985.47 1984.75 1984.05 1983.34 1982.63 1981.92 1981.19 1980.45 1979.69 1978.92 1978.16
2017.24 2017.09 2016.85 2016.56 2016.23 2015.87 2015.49 2015.11 2014.72 2014.34 2013.98 2013.61 2013.27 2012.95 2012.64 2012.36 2012.08 2011.81 2011.53 2011.22 2010.89 2010.52 2010.1 2009.65 2009.2 2008.75 2008.31 2007.89 2007.48 2007.06 2006.64 2006.2 2005.74 2005.26 2004.78 2004.3 2003.81 2003.3 2002.76 2002.17 2001.51 2000.77 1999.96 1999.07 1998.1 1997.07 1995.95 1994.71 1993.37 1991.96 1990.57 1989.31 1988.19 1987.22 1986.37 1985.59 1984.87 1984.17 1983.5 1982.82 1982.14 1981.45 1980.75 1980.03 1979.3 1978.56 1977.82
2017.52 2017.4 2017.15 2016.84 2016.49 2016.1 2015.7 2015.29 2014.88 2014.48 2014.07 2013.68 2013.31 2012.95 2012.61 2012.28 2011.96 2011.64 2011.31 2010.96 2010.57 2010.18 2009.72 2009.23 2008.74 2008.24 2007.75 2007.27 2006.79 2006.32 2005.86 2005.41 2004.94 2004.47 2004 2003.51 2003.01 2002.49 2001.92 2001.29 2000.59 1999.82 1998.97 1998.03 1997.02 1995.93 1994.76 1993.51 1992.21 1990.89 1989.61 1988.45 1987.41 1986.5 1985.68 1984.95 1984.27 1983.61 1982.96 1982.31 1981.66 1981.01 1980.33 1979.63 1978.92 1978.21 1977.49
2017.85 2017.69 2017.42 2017.08 2016.69 2016.27 2015.84 2015.41 2014.98 2014.54 2014.11 2013.69 2013.28 2012.89 2012.5 2012.13 2011.77 2011.41 2011.04 2010.65 2010.21 2009.79 2009.28 2008.75 2008.21 2007.66 2007.11 2006.57 2006.04 2005.52 2005.02 2004.55 2004.08 2003.62 2003.15 2002.67 2002.17 2001.63 2001.05 2000.4 1999.67 1998.87 1997.97 1997 1995.94 1994.81 1993.6 1992.34 1991.05 1989.78 1988.59 1987.51 1986.56 1985.72 1984.98 1984.3 1983.67 1983.05 1982.44 1981.83 1981.22 1980.58 1979.93 1979.25 1978.57 1977.88 1977.18
2018.15 2017.97 2017.65 2017.26 2016.83 2016.38 2015.92 2015.46 2015 2014.55 2014.08 2013.63 2013.18 2012.74 2012.32 2011.91 2011.51 2011.12 2010.72 2010.29 2009.82 2009.35 2008.8 2008.22 2007.62 2007.02 2006.42 2005.82 2005.23 2004.66 2004.12 2003.65 2003.18 2002.73 2002.28 2001.8 2001.3 2000.76 2000.17 1999.51 1998.76 1997.93 1997 1995.98 1994.89 1993.72 1992.48 1991.2 1989.91 1988.65 1987.51 1986.51 1985.66 1984.93 1984.26 1983.65 1983.07 1982.5 1981.95 1981.38 1980.8 1980.18 1979.55 1978.9 1978.23 1977.56 1976.88
2018.45 2018.22 2017.84 2017.39 2016.91 2016.41 2015.92 2015.43 2014.95 2014.48 2013.99 2013.5 2013 2012.52 2012.05 2011.61 2011.18 2010.76 2010.34 2009.89 2009.4 2008.87 2008.26 2007.63 2006.99 2006.33 2005.68 2005.03 2004.38 2003.75 2003.18 2002.69 2002.25 2001.82 2001.37 2000.91 2000.41 1999.87 1999.29 1998.64 1997.88 1997.02 1996.06 1995 1993.88 1992.68 1991.42 1990.11 1988.78 1987.51 1986.38 1985.48 1984.76 1984.14 1983.57 1983.03 1982.5 1981.99 1981.47 1980.96 1980.41 1979.82 1979.2 1978.56 1977.92 1977.26 1976.61
2018.74 2018.42 2017.94 2017.42 2016.89 2016.36 2015.83 2015.32 2014.82 2014.33 2013.83 2013.3 2012.75 2012.21 2011.71 2011.22 2010.76 2010.32 2009.89 2009.45 2008.96 2008.35 2007.67 2006.99 2006.3 2005.61 2004.91 2004.21 2003.51 2002.81 2002.19 2001.72 2001.31 2000.9 2000.47 2000.01 1999.51 1998.98 1998.41 1997.78 1997.04 1996.14 1995.14 1994.06 1992.91 1991.7 1990.43 1989.1 1987.74 1986.38 1985.21 1984.45 1983.9 1983.4 1982.91 1982.43 1981.96 1981.49 1981.03 1980.55 1980.05 1979.47 1978.86 1978.24 1977.62 1976.98 1976.35
2019.02 2018.47 2017.9 2017.34 2016.77 2016.2 2015.64 2015.1 2014.58 2014.08 2013.61 2012.99 2012.4 2011.84 2011.3 2010.76 2010.27 2009.8 2009.34 2008.91 2008.48 2007.75 2007.02 2006.3 2005.58 2004.86 2004.13 2003.4 2002.66 2001.91 2001.14 2000.79 2000.41 2000.01 1999.58 1999.12 1998.62 1998.09 1997.52 1996.9 1996.24 1995.26 1994.23 1993.15 1992 1990.8 1989.55 1988.23 1986.86 1985.45 1984 1983.6 1983.19 1982.76 1982.33 1981.9 1981.47 1981.03 1980.6 1980.16 1979.72 1979.13 1978.53 1977.94 1977.33 1976.73 1976.13
2018.58 2018.21 2017.69 2017.12 2016.55 2015.96 2015.39 2014.82 2014.26 2013.72 2013.16 2012.56 2011.95 2011.36 2010.79 2010.25 2009.72 2009.21 2008.72 2008.22 2007.67 2007 2006.27 2005.55 2004.81 2004.08 2003.34 2002.62 2001.88 2001.15 2000.5 1999.99 1999.57 1999.14 1998.69 1998.22 1997.72 1997.19 1996.61 1995.97 1995.23 1994.33 1993.33 1992.26 1991.14 1989.96 1988.74 1987.49 1986.2 1984.92 1983.83 1983.17 1982.7 1982.27 1981.85 1981.43 1981.01 1980.59 1980.17 1979.74 1979.28 1978.77 1978.22 1977.66 1977.09 1976.51 1975.93
2018.14 2017.8 2017.34 2016.8 2016.22 2015.63 2015.03 2014.43 2013.84 2013.26 2012.66 2012.03 2011.41 2010.81 2010.22 2009.64 2009.09 2008.54 2007.99 2007.44 2006.85 2006.18 2005.48 2004.75 2004.02 2003.29 2002.56 2001.83 2001.11 2000.43 1999.8 1999.26 1998.78 1998.31 1997.84 1997.36 1996.84 1996.29 1995.69 1995.03 1994.28 1993.41 1992.46 1991.43 1990.35 1989.22 1988.06 1986.87 1985.71 1984.59 1983.63 1982.92 1982.36 1981.88 1981.44 1981.02 1980.6 1980.18 1979.76 1979.33 1978.87 1978.41 1977.89 1977.37 1976.83 1976.29 1975.74
2017.69 2017.36 2016.92 2016.4 2015.82 2015.22 2014.6 2013.98 2013.35 2012.73 2012.11 2011.44 2010.82 2010.19 2009.58 2008.98 2008.4 2007.81 2007.22 2006.63 2006 2005.33 2004.64 2003.93 2003.21 2002.48 2001.76 2001.05 2000.36 1999.7 1999.07 1998.52 1998.01 1997.51 1997.01 1996.51 1995.98 1995.41 1994.8 1994.13 1993.37 1992.54 1991.63 1990.65 1989.62 1988.55 1987.46 1986.36 1985.3 1984.3 1983.41 1982.71 1982.09 1981.57 1981.1 1980.65 1980.23 1979.8 1979.38 1978.95 1978.5 1978.07 1977.58 1977.1 1976.59 1976.08 1975.57
2017.24 2016.9 2016.46 2015.95 2015.37 2014.76 2014.12 2013.47 2012.81 2012.14 2011.5 2010.81 2010.17 2009.53 2008.9 2008.28 2007.66 2007.04 2006.42 2005.79 2005.15 2004.48 2003.79 2003.09 2002.38 2001.67 2000.96 2000.27 1999.59 1998.93 1998.32 1997.77 1997.23 1996.71 1996.2 1995.68 1995.14 1994.56 1993.94 1993.27 1992.53 1991.72 1990.84 1989.91 1988.93 1987.93 1986.92 1985.91 1984.92 1984 1983.17 1982.47 1981.84 1981.29 1980.79 1980.33 1979.89 1979.46 1979.03 1978.6 1978.17 1977.75 1977.29 1976.83 1976.37 1975.89 1975.41
2016.76 2016.44 2016 2015.47 2014.89 2014.26 2013.59 2012.91 2012.22 2011.52 2010.84 2010.14 2009.48 2008.83 2008.19 2007.54 2006.9 2006.25 2005.6 2004.94 2004.27 2003.61 2002.93 2002.24 2001.54 2000.85 2000.15 1999.47 1998.8 1998.16 1997.54 1997 1996.45 1995.92 1995.39 1994.86 1994.32 1993.74 1993.12 1992.45 1991.73 1990.95 1990.11 1989.21 1988.29 1987.34 1986.4 1985.46 1984.55 1983.69 1982.9 1982.23 1981.6 1981.03 1980.51 1980.03 1979.58 1979.14 1978.7 1978.28 1977.84 1977.46 1977.03 1976.59 1976.15 1975.71 1975.27
2016.34 2016 2015.53 2014.99 2014.39 2013.73 2013.04 2012.32 2011.6 2010.87 2010.14 2009.44 2008.77 2008.11 2007.45 2006.79 2006.12 2005.45 2004.77 2004.09 2003.39 2002.74 2002.06 2001.38 2000.7 2000.02 1999.34 1998.67 1998.01 1997.37 1996.76 1996.21 1995.66 1995.12 1994.6 1994.06 1993.52 1992.94 1992.33 1991.68 1990.98 1990.22 1989.41 1988.56 1987.68 1986.79 1985.9 1985.02 1984.18 1983.38 1982.64 1981.97 1981.34 1980.77 1980.24 1979.75 1979.28 1978.84 1978.4 1977.98 1977.57 1977.19 1976.78 1976.37 1975.96 1975.55 1975.14
2015.93 2015.56 2015.07 2014.51 2013.88 2013.2 2012.48 2011.72 2010.96 2010.18 2009.43 2008.72 2008.05 2007.38 2006.71 2006.04 2005.35 2004.65 2003.95 2003.23 2002.53 2001.87 2001.2 2000.53 1999.86 1999.2 1998.53 1997.86 1997.21 1996.58 1995.97 1995.42 1994.87 1994.33 1993.81 1993.27 1992.73 1992.17 1991.58 1990.95 1990.26 1989.53 1988.74 1987.92 1987.09 1986.25 1985.41 1984.59 1983.8 1983.06 1982.35 1981.7 1981.08 1980.5 1979.97 1979.47 1979 1978.56 1978.12 1977.71 1977.3 1976.93 1976.54 1976.16 1975.78 1975.4 1975.02
2015.54 2015.14 2014.62 2014.03 2013.37 2012.66 2011.91 2011.12 2010.31 2009.49 2008.7 2007.99 2007.32 2006.66 2005.98 2005.3 2004.59 2003.87 2003.13 2002.39 2001.67 2001.01 2000.35 1999.7 1999.04 1998.38 1997.72 1997.06 1996.41 1995.78 1995.17 1994.61 1994.08 1993.55 1993.02 1992.5 1991.97 1991.42 1990.85 1990.25 1989.59 1988.87 1988.11 1987.32 1986.51 1985.71 1984.92 1984.15 1983.42 1982.72 1982.05 1981.41 1980.8 1980.23 1979.7 1979.2 1978.74 1978.29 1977.86 1977.45 1977.05 1976.69 1976.33 1975.97 1975.62 1975.26 1974.91
2015.18 2014.73 2014.18 2013.56 2012.88 2012.14 2011.36 2010.54 2009.68 2008.8 2007.96 2007.27 2006.62 2005.96 2005.28 2004.58 2003.86 2003.11 2002.35 2001.57 2000.82 2000.16 1999.52 1998.89 1998.24 1997.59 1996.93 1996.27 1995.62 1994.98 1994.37 1993.81 1993.28 1992.77 1992.25 1991.73 1991.21 1990.68 1990.14 1989.57 1988.95 1988.23 1987.48 1986.71 1985.93 1985.17 1984.42 1983.7 1983.01 1982.36 1981.73 1981.11 1980.51 1979.95 1979.43 1978.94 1978.48 1978.04 1977.61 1977.2 1976.81 1976.46 1976.13 1975.8 1975.46 1975.13 1974.8
2014.84 2014.32 2013.73 2013.09 2012.4 2011.65 2010.84 2009.99 2009.11 2008.18 2007.21 2006.62 2005.99 2005.32 2004.63 2003.92 2003.16 2002.4 2001.61 2000.8 1999.98 1999.37 1998.75 1998.12 1997.47 1996.82 1996.16 1995.51 1994.85 1994.21 1993.57 1993.04 1992.51 1992 1991.48 1990.97 1990.46 1989.94 1989.42 1988.88 1988.34 1987.59 1986.84 1986.09 1985.35 1984.62 1983.92 1983.24 1982.59 1981.98 1981.41 1980.78 1980.2 1979.65 1979.15 1978.68 1978.23 1977.8 1977.39 1976.98 1976.58 1976.26 1975.95 1975.64 1975.32 1975 1974.69
2014.37 2013.86 2013.28 2012.63 2011.93 2011.18 2010.37 2009.52 2008.63 2007.72 2006.86 2006.12 2005.43 2004.74 2004.04 2003.3 2002.54 2001.76 2000.96 2000.15 1999.38 1998.69 1998.03 1997.38 1996.73 1996.07 1995.41 1994.77 1994.12 1993.47 1992.86 1992.3 1991.77 1991.24 1990.72 1990.21 1989.71 1989.19 1988.67 1988.14 1987.55 1986.89 1986.19 1985.47 1984.76 1984.07 1983.39 1982.73 1982.12 1981.54 1980.96 1980.42 1979.87 1979.36 1978.87 1978.42 1978 1977.58 1977.19 1976.8 1976.43 1976.13 1975.82 1975.52 1975.21 1974.9 1974.59
2013.92 2013.42 2012.84 2012.19 2011.49 2010.73 2009.92 2009.08 2008.21 2007.34 2006.5 2005.7 2004.96 2004.23 2003.48 2002.72 2001.94 2001.15 2000.35 1999.56 1998.79 1998.07 1997.38 1996.71 1996.03 1995.37 1994.7 1994.04 1993.4 1992.76 1992.15 1991.59 1991.05 1990.51 1990 1989.49 1988.97 1988.45 1987.92 1987.38 1986.79 1986.18 1985.52 1984.84 1984.17 1983.5 1982.86 1982.23 1981.63 1981.07 1980.52 1980.02 1979.52 1979.03 1978.59 1978.16 1977.76 1977.38 1977.01 1976.65 1976.3 1976.02 1975.7 1975.4 1975.1 1974.79 1974.48
2013.49 2012.98 2012.41 2011.76 2011.06 2010.3 2009.5 2008.67 2007.82 2006.96 2006.13 2005.3 2004.52 2003.75 2002.97 2002.18 2001.38 2000.58 1999.78 1998.98 1998.21 1997.47 1996.76 1996.06 1995.37 1994.69 1994.01 1993.35 1992.7 1992.06 1991.45 1990.89 1990.34 1989.81 1989.28 1988.76 1988.24 1987.72 1987.19 1986.64 1986.06 1985.48 1984.85 1984.21 1983.57 1982.94 1982.32 1981.71 1981.14 1980.6 1980.08 1979.62 1979.15 1978.72 1978.3 1977.91 1977.54 1977.19 1976.84 1976.51 1976.19 1975.92 1975.6 1975.3 1974.99 1974.68 1974.37
2013.08 2012.57 2012 2011.35 2010.65 2009.89 2009.1 2008.28 2007.44 2006.59 2005.76 2004.91 2004.1 2003.29 2002.48 2001.67 2000.86 2000.04 1999.23 1998.42 1997.64 1996.89 1996.15 1995.43 1994.72 1994.03 1993.34 1992.67 1992.01 1991.38 1990.76 1990.21 1989.65 1989.11 1988.58 1988.06 1987.54 1987.01 1986.48 1985.93 1985.37 1984.81 1984.21 1983.6 1982.98 1982.38 1981.77 1981.2 1980.64 1980.12 1979.63 1979.21 1978.78 1978.39 1978.02 1977.67 1977.33 1977.01 1976.7 1976.39 1976.08 1975.82 1975.52 1975.21 1974.9 1974.59 1974.27
2012.68 2012.19 2011.61 2010.95 2010.25 2009.5 2008.71 2007.9 2007.06 2006.22 2005.38 2004.52 2003.69 2002.86 2002.02 2001.19 2000.35 1999.52 1998.69 1997.88 1997.08 1996.32 1995.56 1994.83 1994.1 1993.39 1992.7 1992.01 1991.35 1990.71 1990.09 1989.53 1988.97 1988.43 1987.9 1987.38 1986.86 1986.33 1985.8 1985.26 1984.7 1984.17 1983.59 1983 1982.42 1981.83 1981.25 1980.69 1980.15 1979.65 1979.18 1978.8 1978.42 1978.07 1977.74 1977.44 1977.14 1976.85 1976.57 1976.28 1975.99 1975.75 1975.45 1975.14 1974.83 1974.51 1974.19
2012.31 2011.82 2011.23 2010.57 2009.86 2009.11 2008.32 2007.52 2006.69 2005.86 2005 2004.14 2003.29 2002.43 2001.57 2000.72 1999.86 1999.01 1998.17 1997.34 1996.53 1995.76 1994.99 1994.24 1993.5 1992.78 1992.07 1991.37 1990.7 1990.05 1989.45 1988.87 1988.31 1987.77 1987.24 1986.72 1986.21 1985.68 1985.15 1984.62 1984.09 1983.56 1983 1982.44 1981.87 1981.31 1980.75 1980.2 1979.67 1979.19 1978.75 1978.4 1978.06 1977.76 1977.48 1977.22 1976.97 1976.71 1976.46 1976.2 1975.94 1975.69 1975.39 1975.08 1974.77 1974.44 1974.11
2011.98 2011.48 2010.87 2010.2 2009.47 2008.72 2007.94 2007.13 2006.32 2005.48 2004.63 2003.76 2002.89 2002.01 2001.13 2000.25 1999.38 1998.51 1997.66 1996.82 1995.99 1995.2 1994.43 1993.67 1992.92 1992.19 1991.46 1990.76 1990.06 1989.42 1988.8 1988.2 1987.66 1987.13 1986.62 1986.1 1985.59 1985.07 1984.55 1984.03 1983.5 1982.98 1982.45 1981.91 1981.37 1980.83 1980.28 1979.74 1979.21 1978.74 1978.32 1978 1977.71 1977.47 1977.24 1977.03 1976.82 1976.6 1976.38 1976.15 1975.9 1975.63 1975.35 1975.04 1974.72 1974.39 1974.05
2011.67 2011.15 2010.51 2009.81 2009.08 2008.32 2007.54 2006.74 2005.93 2005.11 2004.26 2003.38 2002.49 2001.59 2000.7 1999.8 1998.91 1998.03 1997.16 1996.3 1995.46 1994.66 1993.89 1993.12 1992.37 1991.63 1990.89 1990.17 1989.46 1988.79 1988.15 1987.57 1987.04 1986.53 1986.03 1985.52 1985.02 1984.5 1983.98 1983.46 1982.95 1982.43 1981.94 1981.43 1980.92 1980.39 1979.86 1979.32 1978.79 1978.31 1977.89 1977.61 1977.39 1977.21 1977.04 1976.87 1976.7 1976.52 1976.32 1976.12 1975.89 1975.62 1975.33 1975.02 1974.69 1974.35 1974.01
2011.38 2010.81 2010.13 2009.41 2008.66 2007.9 2007.12 2006.33 2005.53 2004.72 2003.89 2003 2002.09 2001.17 2000.26 1999.35 1998.45 1997.55 1996.67 1995.79 1994.94 1994.14 1993.36 1992.6 1991.84 1991.09 1990.35 1989.61 1988.88 1988.18 1987.52 1986.96 1986.46 1985.97 1985.48 1984.99 1984.49 1983.98 1983.47 1982.94 1982.43 1981.95 1981.48 1981.01 1980.52 1980.01 1979.49 1978.96 1978.43 1977.91 1977.47 1977.26 1977.12 1977 1976.88 1976.75 1976.6 1976.45 1976.29 1976.11 1975.9 1975.63 1975.33 1975 1974.67 1974.33 1973.98
