map/NANHSI_TERRAN01.GRD
DSAA
351 341
0 350
160 500
1939.16 2064.11                 
[rows 210 to 239 of 341, columns 268 to 334 of 351]
2007.98 2007.8 2007.63 2007.55 2007.48 2007.41 2007.35 2007.29 2007.24 2007.21 2007.2 2007.19 2007.19 2007.29 2007.4 2007.51 2007.64 2007.76 2007.91 2008.04 2008.18 2008.31 2008.44 2008.86 2009.27 2009.66 2010.04 2010.39 2010.74 2011.06 2011.35 2011.61 2011.85 2011.38 2010.88 2010.36 2009.81 2009.23 2008.63 2008.02 2007.41 2006.79 2006.17 2005.49 2004.82 2004.17 2003.54 2002.92 2002.36 2001.83 2001.34 2000.9 2000.5 2000.79 2001.12 2001.49 2001.91 2002.36 2002.84 2003.35 2003.89 2004.44 2005 2005.19 2005.39 2005.57 2005.76
2008.3 2008.12 2007.96 2007.83 2007.73 2007.65 2007.57 2007.51 2007.46 2007.44 2007.42 2007.42 2007.43 2007.5 2007.59 2007.68 2007.8 2007.92 2008.05 2008.2 2008.35 2008.52 2008.73 2009.08 2009.46 2009.85 2010.23 2010.6 2010.95 2011.28 2011.57 2011.8 2011.85 2011.6 2011.17 2010.68 2010.16 2009.6 2009.03 2008.42 2007.82 2007.2 2006.56 2005.9 2005.22 2004.55 2003.91 2003.29 2002.7 2002.16 2001.67 2001.26 2001.05 2001.13 2001.39 2001.74 2002.15 2002.59 2003.08 2003.6 2004.13 2004.64 2005.09 2005.39 2005.61 2005.81 2006
2008.63 2008.45 2008.29 2008.14 2008.03 2007.93 2007.85 2007.78 2007.72 2007.68 2007.66 2007.66 2007.68 2007.74 2007.81 2007.9 2008.01 2008.13 2008.26 2008.41 2008.58 2008.77 2009.01 2009.34 2009.7 2010.07 2010.44 2010.81 2011.15 2011.46 2011.71 2011.88 2011.89 2011.71 2011.38 2010.96 2010.47 2009.95 2009.4 2008.82 2008.22 2007.6 2006.95 2006.29 2005.61 2004.93 2004.28 2003.64 2003.05 2002.52 2002.06 2001.7 2001.53 2001.54 2001.74 2002.04 2002.42 2002.85 2003.32 2003.82 2004.32 2004.8 2005.23 2005.55 2005.82 2006.05 2006.25
2008.97 2008.79 2008.62 2008.45 2008.33 2008.22 2008.13 2008.05 2007.99 2007.95 2007.92 2007.92 2007.93 2007.98 2008.05 2008.13 2008.23 2008.35 2008.48 2008.64 2008.81 2009.02 2009.27 2009.59 2009.93 2010.29 2010.65 2011 2011.32 2011.61 2011.83 2011.97 2011.97 2011.82 2011.56 2011.19 2010.76 2010.27 2009.75 2009.19 2008.6 2007.99 2007.34 2006.68 2005.99 2005.31 2004.65 2004.01 2003.41 2002.88 2002.44 2002.11 2001.95 2001.93 2002.08 2002.34 2002.69 2003.1 2003.56 2004.04 2004.52 2004.97 2005.39 2005.73 2006.03 2006.29 2006.51
2009.32 2009.12 2008.95 2008.78 2008.64 2008.52 2008.42 2008.34 2008.27 2008.22 2008.18 2008.17 2008.18 2008.23 2008.29 2008.37 2008.46 2008.58 2008.71 2008.87 2009.05 2009.26 2009.51 2009.83 2010.15 2010.5 2010.84 2011.18 2011.49 2011.76 2011.96 2012.07 2012.09 2011.97 2011.74 2011.42 2011.03 2010.58 2010.09 2009.55 2008.98 2008.38 2007.73 2007.06 2006.38 2005.69 2005.01 2004.36 2003.76 2003.23 2002.79 2002.48 2002.3 2002.27 2002.39 2002.63 2002.96 2003.36 2003.8 2004.26 2004.73 2005.17 2005.58 2005.94 2006.26 2006.53 2006.78
2009.66 2009.45 2009.27 2009.1 2008.95 2008.83 2008.72 2008.63 2008.55 2008.49 2008.45 2008.43 2008.43 2008.48 2008.54 2008.61 2008.7 2008.82 2008.95 2009.1 2009.28 2009.49 2009.73 2010.05 2010.36 2010.7 2011.03 2011.36 2011.66 2011.91 2012.11 2012.22 2012.22 2012.14 2011.94 2011.65 2011.3 2010.88 2010.41 2009.91 2009.36 2008.77 2008.14 2007.46 2006.77 2006.07 2005.37 2004.71 2004.09 2003.55 2003.1 2002.78 2002.6 2002.55 2002.66 2002.88 2003.21 2003.6 2004.03 2004.49 2004.95 2005.4 2005.81 2006.18 2006.5 2006.79 2007.05
2010.01 2009.79 2009.59 2009.42 2009.27 2009.14 2009.03 2008.93 2008.85 2008.78 2008.73 2008.7 2008.71 2008.74 2008.79 2008.86 2008.95 2009.06 2009.18 2009.33 2009.5 2009.7 2009.96 2010.25 2010.56 2010.88 2011.21 2011.54 2011.83 2012.08 2012.28 2012.39 2012.41 2012.34 2012.16 2011.89 2011.56 2011.17 2010.74 2010.26 2009.73 2009.17 2008.54 2007.87 2007.16 2006.44 2005.72 2005.04 2004.4 2003.83 2003.36 2003.01 2002.81 2002.77 2002.88 2003.11 2003.44 2003.83 2004.27 2004.73 2005.2 2005.65 2006.07 2006.43 2006.76 2007.06 2007.33
2010.36 2010.13 2009.92 2009.75 2009.6 2009.46 2009.35 2009.25 2009.16 2009.08 2009.02 2008.99 2008.98 2009.01 2009.05 2009.12 2009.21 2009.31 2009.43 2009.56 2009.72 2009.92 2010.15 2010.43 2010.74 2011.06 2011.39 2011.71 2012.01 2012.27 2012.47 2012.59 2012.62 2012.56 2012.39 2012.14 2011.82 2011.46 2011.05 2010.6 2010.11 2009.56 2008.96 2008.28 2007.56 2006.81 2006.07 2005.35 2004.68 2004.08 2003.57 2003.18 2002.97 2002.93 2003.06 2003.31 2003.65 2004.06 2004.51 2004.99 2005.46 2005.92 2006.35 2006.72 2007.05 2007.34 2007.62
2010.71 2010.46 2010.25 2010.08 2009.93 2009.8 2009.68 2009.58 2009.48 2009.4 2009.33 2009.28 2009.25 2009.28 2009.33 2009.4 2009.48 2009.58 2009.68 2009.8 2009.94 2010.11 2010.32 2010.6 2010.91 2011.24 2011.57 2011.89 2012.19 2012.46 2012.68 2012.82 2012.87 2012.81 2012.63 2012.38 2012.08 2011.73 2011.35 2010.94 2010.49 2009.98 2009.39 2008.7 2007.95 2007.17 2006.4 2005.65 2004.94 2004.3 2003.74 2003.29 2003.05 2003.02 2003.2 2003.49 2003.87 2004.29 2004.76 2005.25 2005.74 2006.22 2006.65 2007.02 2007.33 2007.62 2007.89
2011.07 2010.81 2010.59 2010.42 2010.28 2010.15 2010.03 2009.93 2009.83 2009.74 2009.65 2009.58 2009.54 2009.57 2009.62 2009.7 2009.77 2009.86 2009.95 2010.05 2010.16 2010.3 2010.48 2010.76 2011.08 2011.42 2011.75 2012.07 2012.37 2012.65 2012.88 2013.06 2013.15 2013.07 2012.87 2012.61 2012.32 2011.99 2011.63 2011.24 2010.83 2010.38 2009.85 2009.12 2008.31 2007.51 2006.71 2005.94 2005.21 2004.53 2003.9 2003.38 2003.06 2003.1 2003.34 2003.69 2004.09 2004.53 2005.01 2005.51 2006.01 2006.52 2006.99 2007.33 2007.62 2007.89 2008.16
2011.44 2011.17 2010.92 2010.78 2010.65 2010.53 2010.42 2010.32 2010.21 2010.11 2010.02 2009.93 2009.83 2009.9 2009.96 2010.02 2010.09 2010.16 2010.24 2010.32 2010.41 2010.52 2010.63 2010.95 2011.28 2011.6 2011.92 2012.21 2012.53 2012.81 2013.05 2013.27 2013.46 2013.28 2013.08 2012.83 2012.55 2012.22 2011.86 2011.49 2011.11 2010.72 2010.32 2009.47 2008.63 2007.8 2006.99 2006.2 2005.47 2004.77 2004.12 2003.53 2003 2003.25 2003.55 2003.92 2004.33 2004.75 2005.24 2005.75 2006.27 2006.81 2007.35 2007.61 2007.87 2008.14 2008.4
2011.82 2011.57 2011.35 2011.17 2011.03 2010.9 2010.79 2010.69 2010.59 2010.51 2010.42 2010.34 2010.29 2010.29 2010.33 2010.37 2010.41 2010.46 2010.52 2010.6 2010.68 2010.79 2010.94 2011.19 2011.48 2011.78 2012.07 2012.37 2012.65 2012.92 2013.17 2013.37 2013.46 2013.38 2013.2 2012.97 2012.69 2012.39 2012.06 2011.7 2011.31 2010.89 2010.37 2009.66 2008.86 2008.04 2007.25 2006.47 2005.74 2005.05 2004.42 2003.9 2003.58 2003.6 2003.84 2004.17 2004.56 2005 2005.48 2005.98 2006.5 2007 2007.46 2007.79 2008.07 2008.34 2008.6
2012.22 2011.98 2011.77 2011.59 2011.45 2011.32 2011.21 2011.12 2011.03 2010.94 2010.86 2010.8 2010.76 2010.74 2010.74 2010.76 2010.78 2010.81 2010.86 2010.91 2010.99 2011.09 2011.24 2011.46 2011.71 2011.98 2012.26 2012.54 2012.81 2013.05 2013.26 2013.42 2013.49 2013.44 2013.31 2013.1 2012.85 2012.56 2012.23 2011.87 2011.46 2011 2010.45 2009.78 2009.04 2008.26 2007.49 2006.74 2006.02 2005.37 2004.79 2004.34 2004.08 2004.04 2004.21 2004.48 2004.85 2005.26 2005.72 2006.2 2006.69 2007.17 2007.6 2007.94 2008.26 2008.53 2008.79
2012.63 2012.39 2012.2 2012.01 2011.88 2011.76 2011.65 2011.56 2011.48 2011.41 2011.34 2011.28 2011.24 2011.21 2011.19 2011.18 2011.18 2011.19 2011.21 2011.25 2011.31 2011.4 2011.52 2011.73 2011.95 2012.19 2012.45 2012.71 2012.95 2013.18 2013.36 2013.48 2013.55 2013.51 2013.41 2013.23 2012.99 2012.71 2012.39 2012.02 2011.6 2011.12 2010.55 2009.91 2009.2 2008.47 2007.72 2007 2006.31 2005.69 2005.16 2004.76 2004.51 2004.45 2004.57 2004.8 2005.13 2005.53 2005.97 2006.43 2006.9 2007.35 2007.76 2008.1 2008.43 2008.71 2008.97
2013.04 2012.81 2012.63 2012.45 2012.31 2012.2 2012.11 2012.03 2011.96 2011.9 2011.84 2011.78 2011.74 2011.69 2011.65 2011.62 2011.6 2011.58 2011.58 2011.59 2011.63 2011.7 2011.8 2011.99 2012.19 2012.41 2012.64 2012.88 2013.11 2013.31 2013.47 2013.58 2013.64 2013.62 2013.52 2013.35 2013.13 2012.86 2012.54 2012.16 2011.74 2011.25 2010.68 2010.06 2009.38 2008.67 2007.95 2007.25 2006.59 2005.99 2005.49 2005.11 2004.87 2004.81 2004.9 2005.11 2005.42 2005.8 2006.22 2006.67 2007.12 2007.56 2007.96 2008.31 2008.62 2008.89 2009.14
2013.46 2013.23 2013.05 2012.88 2012.76 2012.66 2012.59 2012.52 2012.46 2012.41 2012.36 2012.3 2012.26 2012.2 2012.14 2012.08 2012.03 2011.99 2011.95 2011.94 2011.95 2011.99 2012.07 2012.24 2012.42 2012.62 2012.84 2013.06 2013.27 2013.46 2013.6 2013.7 2013.76 2013.74 2013.65 2013.49 2013.28 2013.02 2012.7 2012.33 2011.9 2011.41 2010.85 2010.24 2009.57 2008.88 2008.18 2007.5 2006.85 2006.26 2005.77 2005.4 2005.17 2005.11 2005.18 2005.38 2005.69 2006.06 2006.47 2006.92 2007.36 2007.79 2008.18 2008.52 2008.82 2009.08 2009.32
2013.87 2013.64 2013.46 2013.32 2013.21 2013.13 2013.07 2013.03 2012.98 2012.94 2012.9 2012.85 2012.78 2012.72 2012.65 2012.57 2012.48 2012.41 2012.34 2012.29 2012.27 2012.28 2012.36 2012.48 2012.64 2012.83 2013.04 2013.25 2013.45 2013.62 2013.76 2013.86 2013.9 2013.89 2013.8 2013.66 2013.45 2013.19 2012.88 2012.51 2012.09 2011.6 2011.05 2010.45 2009.79 2009.11 2008.42 2007.74 2007.09 2006.5 2006.01 2005.63 2005.41 2005.34 2005.42 2005.63 2005.94 2006.32 2006.74 2007.18 2007.62 2008.05 2008.43 2008.76 2009.04 2009.29 2009.5
2014.29 2014.06 2013.88 2013.76 2013.67 2013.62 2013.58 2013.55 2013.52 2013.5 2013.46 2013.41 2013.35 2013.28 2013.18 2013.07 2012.95 2012.84 2012.74 2012.65 2012.58 2012.57 2012.6 2012.7 2012.86 2013.04 2013.24 2013.45 2013.64 2013.81 2013.95 2014.05 2014.08 2014.07 2013.98 2013.84 2013.64 2013.38 2013.08 2012.72 2012.31 2011.82 2011.28 2010.69 2010.04 2009.36 2008.67 2007.99 2007.33 2006.73 2006.21 2005.81 2005.57 2005.51 2005.62 2005.86 2006.18 2006.57 2007 2007.46 2007.91 2008.33 2008.72 2009.04 2009.29 2009.51 2009.7
2014.71 2014.47 2014.3 2014.19 2014.14 2014.12 2014.11 2014.1 2014.09 2014.07 2014.05 2014.01 2013.95 2013.85 2013.73 2013.59 2013.44 2013.3 2013.15 2013.02 2012.9 2012.83 2012.83 2012.92 2013.08 2013.27 2013.47 2013.67 2013.85 2014.02 2014.16 2014.26 2014.29 2014.28 2014.19 2014.04 2013.85 2013.6 2013.3 2012.95 2012.55 2012.09 2011.56 2010.97 2010.32 2009.64 2008.94 2008.25 2007.57 2006.94 2006.38 2005.93 2005.67 2005.63 2005.79 2006.07 2006.42 2006.83 2007.28 2007.74 2008.21 2008.65 2009.04 2009.33 2009.56 2009.75 2009.91
2015.15 2014.9 2014.71 2014.65 2014.64 2014.65 2014.66 2014.67 2014.67 2014.67 2014.66 2014.63 2014.57 2014.45 2014.29 2014.12 2013.95 2013.77 2013.59 2013.42 2013.25 2013.11 2013.05 2013.15 2013.32 2013.51 2013.71 2013.91 2014.09 2014.24 2014.38 2014.49 2014.54 2014.52 2014.42 2014.28 2014.07 2013.84 2013.55 2013.21 2012.83 2012.39 2011.88 2011.27 2010.61 2009.93 2009.23 2008.53 2007.84 2007.18 2006.56 2006.03 2005.7 2005.72 2005.95 2006.28 2006.68 2007.1 2007.56 2008.03 2008.52 2008.99 2009.4 2009.66 2009.83 2009.99 2010.12
2015.63 2015.37 2015.12 2015.15 2015.18 2015.21 2015.24 2015.26 2015.28 2015.29 2015.28 2015.26 2015.23 2015.05 2014.87 2014.68 2014.47 2014.27 2014.06 2013.85 2013.65 2013.44 2013.25 2013.43 2013.62 2013.8 2013.99 2014.17 2014.32 2014.47 2014.61 2014.73 2014.83 2014.76 2014.66 2014.52 2014.34 2014.09 2013.81 2013.49 2013.11 2012.7 2012.23 2011.6 2010.94 2010.25 2009.54 2008.82 2008.12 2007.45 2006.81 2006.22 2005.67 2005.91 2006.2 2006.55 2006.94 2007.39 2007.83 2008.31 2008.81 2009.31 2009.81 2009.96 2010.1 2010.22 2010.34
2016.15 2015.94 2015.8 2015.76 2015.78 2015.81 2015.84 2015.87 2015.89 2015.9 2015.89 2015.86 2015.78 2015.63 2015.44 2015.23 2015.01 2014.78 2014.55 2014.32 2014.1 2013.9 2013.79 2013.84 2013.97 2014.11 2014.26 2014.42 2014.57 2014.72 2014.84 2014.95 2014.99 2014.96 2014.88 2014.73 2014.56 2014.35 2014.09 2013.78 2013.42 2013 2012.51 2011.92 2011.26 2010.58 2009.87 2009.16 2008.46 2007.79 2007.17 2006.63 2006.3 2006.31 2006.54 2006.84 2007.21 2007.63 2008.08 2008.55 2009.04 2009.51 2009.91 2010.15 2010.31 2010.44 2010.55
2016.73 2016.57 2016.47 2016.42 2016.42 2016.45 2016.48 2016.51 2016.53 2016.54 2016.52 2016.47 2016.38 2016.23 2016.04 2015.81 2015.58 2015.33 2015.08 2014.83 2014.61 2014.43 2014.32 2014.32 2014.38 2014.48 2014.6 2014.73 2014.86 2014.98 2015.08 2015.16 2015.19 2015.18 2015.11 2015 2014.84 2014.65 2014.4 2014.11 2013.75 2013.33 2012.83 2012.25 2011.62 2010.94 2010.23 2009.52 2008.84 2008.19 2007.61 2007.14 2006.86 2006.8 2006.94 2007.2 2007.53 2007.93 2008.36 2008.81 2009.27 2009.69 2010.05 2010.32 2010.51 2010.66 2010.78
2017.32 2017.21 2017.13 2017.09 2017.1 2017.12 2017.15 2017.18 2017.2 2017.2 2017.17 2017.11 2017 2016.85 2016.65 2016.41 2016.16 2015.89 2015.62 2015.37 2015.14 2014.95 2014.83 2014.79 2014.81 2014.87 2014.95 2015.05 2015.16 2015.25 2015.33 2015.4 2015.42 2015.41 2015.37 2015.28 2015.15 2014.97 2014.74 2014.46 2014.12 2013.69 2013.2 2012.63 2012 2011.32 2010.62 2009.91 2009.23 2008.6 2008.06 2007.62 2007.36 2007.25 2007.35 2007.56 2007.86 2008.23 2008.65 2009.08 2009.5 2009.9 2010.25 2010.52 2010.73 2010.89 2011.02
2017.93 2017.84 2017.79 2017.77 2017.77 2017.8 2017.83 2017.86 2017.88 2017.88 2017.85 2017.78 2017.66 2017.51 2017.29 2017.04 2016.76 2016.48 2016.19 2015.91 2015.67 2015.47 2015.32 2015.27 2015.24 2015.27 2015.32 2015.39 2015.47 2015.54 2015.6 2015.65 2015.67 2015.68 2015.65 2015.58 2015.47 2015.31 2015.11 2014.85 2014.52 2014.12 2013.62 2013.06 2012.42 2011.73 2011.02 2010.31 2009.63 2009 2008.47 2008.06 2007.78 2007.68 2007.73 2007.91 2008.19 2008.54 2008.94 2009.35 2009.77 2010.15 2010.49 2010.77 2010.98 2011.15 2011.28
2018.53 2018.47 2018.44 2018.44 2018.46 2018.49 2018.53 2018.56 2018.59 2018.59 2018.56 2018.49 2018.37 2018.19 2017.96 2017.68 2017.38 2017.07 2016.76 2016.46 2016.19 2015.96 2015.79 2015.72 2015.67 2015.67 2015.7 2015.75 2015.8 2015.85 2015.89 2015.92 2015.94 2015.96 2015.94 2015.89 2015.81 2015.68 2015.51 2015.27 2014.97 2014.58 2014.1 2013.52 2012.88 2012.17 2011.44 2010.71 2010.02 2009.38 2008.84 2008.43 2008.16 2008.02 2008.06 2008.23 2008.5 2008.85 2009.24 2009.65 2010.06 2010.44 2010.78 2011.05 2011.27 2011.44 2011.57
2019.13 2019.1 2019.09 2019.11 2019.14 2019.18 2019.23 2019.27 2019.31 2019.32 2019.3 2019.23 2019.09 2018.91 2018.65 2018.35 2018.02 2017.68 2017.34 2017.01 2016.7 2016.45 2016.26 2016.16 2016.09 2016.07 2016.08 2016.11 2016.14 2016.18 2016.2 2016.22 2016.25 2016.26 2016.25 2016.22 2016.17 2016.07 2015.93 2015.73 2015.45 2015.09 2014.61 2014.04 2013.36 2012.63 2011.87 2011.11 2010.39 2009.72 2009.16 2008.72 2008.43 2008.3 2008.34 2008.52 2008.79 2009.14 2009.54 2009.96 2010.38 2010.77 2011.11 2011.38 2011.6 2011.76 2011.88
2019.73 2019.73 2019.74 2019.78 2019.82 2019.88 2019.93 2019.99 2020.04 2020.06 2020.06 2020 2019.86 2019.66 2019.37 2019.04 2018.67 2018.29 2017.91 2017.55 2017.21 2016.92 2016.7 2016.57 2016.5 2016.48 2016.48 2016.49 2016.51 2016.52 2016.53 2016.54 2016.55 2016.58 2016.58 2016.57 2016.54 2016.48 2016.37 2016.21 2015.97 2015.64 2015.18 2014.59 2013.88 2013.1 2012.3 2011.5 2010.74 2010.03 2009.42 2008.94 2008.64 2008.51 2008.57 2008.77 2009.07 2009.44 2009.86 2010.29 2010.73 2011.14 2011.49 2011.76 2011.96 2012.11 2012.22
2020.34 2020.35 2020.39 2020.44 2020.5 2020.57 2020.64 2020.7 2020.77 2020.81 2020.83 2020.79 2020.67 2020.44 2020.11 2019.73 2019.33 2018.91 2018.5 2018.09 2017.71 2017.36 2017.11 2016.98 2016.92 2016.9 2016.9 2016.9 2016.91 2016.9 2016.88 2016.86 2016.85 2016.89 2016.92 2016.94 2016.93 2016.89 2016.81 2016.69 2016.51 2016.23 2015.8 2015.18 2014.41 2013.58 2012.72 2011.88 2011.07 2010.32 2009.65 2009.1 2008.77 2008.66 2008.77 2009.01 2009.34 2009.73 2010.17 2010.63 2011.1 2011.55 2011.92 2012.18 2012.36 2012.49 2012.59
2020.93 2020.98 2021.03 2021.1 2021.17 2021.25 2021.33 2021.41 2021.48 2021.54 2021.59 2021.6 2021.51 2021.23 2020.84 2020.42 2019.98 2019.53 2019.09 2018.65 2018.21 2017.81 2017.5 2017.39 2017.36 2017.36 2017.35 2017.35 2017.33 2017.3 2017.25 2017.21 2017.17 2017.22 2017.28 2017.32 2017.33 2017.31 2017.25 2017.16 2017.04 2016.84 2016.48 2015.78 2014.9 2014 2013.12 2012.24 2011.4 2010.6 2009.86 2009.22 2008.81 2008.76 2008.96 2009.25 2009.61 2010.03 2010.48 2010.98 2011.48 2011.98 2012.4 2012.63 2012.77 2012.89 2012.98
