map/NANHSI_TERRAN01.GRD
DSAA
351 341
0 350
160 500
1939.16 2064.11                 
[rows 0 to 29 of 341, columns 201 to 267 of 351]
1942.24 1942 1941.77 1941.53 1941.29 1941.05 1940.81 1940.56 1940.31 1940.07 1940.16 1940.26 1940.36 1940.46 1940.6 1940.71 1940.82 1940.93 1941.03 1941.14 1941.6 1942.07 1942.54 1943.02 1943.55 1944.04 1944.54 1945.04 1945.55 1946.06 1946.87 1947.69 1948.51 1949.33 1950.19 1951.03 1951.85 1952.67 1953.48 1954.29 1955.19 1956.09 1956.98 1957.86 1958.79 1959.65 1960.5 1961.34 1962.16 1962.97 1963.84 1964.7 1965.55 1966.41 1967.28 1968.14 1968.98 1969.82 1970.65 1971.48 1972.55 1973.62 1974.69 1975.74 1976.81 1977.87 1978.88
1942.2 1942.02 1941.81 1941.58 1941.35 1941.12 1940.88 1940.64 1940.42 1940.27 1940.28 1940.35 1940.44 1940.54 1940.64 1940.75 1940.86 1940.99 1941.13 1941.35 1941.71 1942.16 1942.62 1943.1 1943.59 1944.08 1944.59 1945.11 1945.65 1946.27 1947.01 1947.81 1948.64 1949.48 1950.32 1951.16 1951.99 1952.83 1953.66 1954.51 1955.41 1956.3 1957.2 1958.08 1958.96 1959.83 1960.69 1961.54 1962.38 1963.23 1964.08 1964.94 1965.79 1966.64 1967.49 1968.34 1969.2 1970.06 1970.94 1971.86 1972.87 1973.93 1974.99 1976.06 1977.12 1978.17 1979.2
1942.1 1941.98 1941.81 1941.61 1941.4 1941.19 1940.97 1940.77 1940.59 1940.48 1940.46 1940.5 1940.57 1940.66 1940.76 1940.87 1940.99 1941.14 1941.32 1941.57 1941.91 1942.31 1942.75 1943.22 1943.7 1944.2 1944.72 1945.26 1945.84 1946.49 1947.21 1948 1948.81 1949.65 1950.49 1951.34 1952.19 1953.04 1953.9 1954.77 1955.66 1956.56 1957.45 1958.33 1959.21 1960.08 1960.95 1961.8 1962.65 1963.5 1964.36 1965.21 1966.06 1966.91 1967.76 1968.62 1969.48 1970.36 1971.27 1972.22 1973.22 1974.27 1975.33 1976.4 1977.46 1978.51 1979.54
1942.02 1941.94 1941.81 1941.65 1941.47 1941.28 1941.1 1940.93 1940.79 1940.7 1940.68 1940.7 1940.75 1940.83 1940.92 1941.04 1941.18 1941.35 1941.55 1941.81 1942.13 1942.52 1942.94 1943.39 1943.87 1944.37 1944.9 1945.46 1946.06 1946.72 1947.44 1948.21 1949.02 1949.86 1950.71 1951.56 1952.43 1953.3 1954.17 1955.05 1955.95 1956.83 1957.72 1958.61 1959.49 1960.36 1961.23 1962.09 1962.94 1963.79 1964.64 1965.49 1966.33 1967.18 1968.04 1968.9 1969.77 1970.67 1971.59 1972.55 1973.56 1974.59 1975.65 1976.72 1977.79 1978.84 1979.86
1941.98 1941.93 1941.83 1941.7 1941.55 1941.4 1941.25 1941.11 1941 1940.92 1940.91 1940.91 1940.96 1941.03 1941.13 1941.25 1941.4 1941.58 1941.8 1942.07 1942.39 1942.76 1943.16 1943.61 1944.08 1944.58 1945.12 1945.69 1946.3 1946.97 1947.69 1948.46 1949.26 1950.1 1950.95 1951.82 1952.7 1953.58 1954.46 1955.35 1956.25 1957.14 1958.03 1958.91 1959.79 1960.66 1961.53 1962.39 1963.24 1964.09 1964.93 1965.78 1966.62 1967.47 1968.32 1969.18 1970.06 1970.96 1971.89 1972.86 1973.87 1974.9 1975.96 1977.03 1978.1 1979.15 1980.17
1941.99 1941.96 1941.88 1941.78 1941.65 1941.53 1941.4 1941.29 1941.21 1941.15 1941.14 1941.15 1941.19 1941.26 1941.36 1941.49 1941.65 1941.84 1942.07 1942.35 1942.66 1943.02 1943.41 1943.85 1944.32 1944.82 1945.35 1945.93 1946.55 1947.22 1947.95 1948.72 1949.53 1950.37 1951.23 1952.11 1952.99 1953.88 1954.78 1955.68 1956.57 1957.46 1958.35 1959.23 1960.1 1960.98 1961.84 1962.7 1963.56 1964.41 1965.24 1966.08 1966.91 1967.75 1968.6 1969.46 1970.34 1971.24 1972.17 1973.15 1974.15 1975.19 1976.25 1977.33 1978.4 1979.46 1980.48
1942.04 1942.01 1941.95 1941.87 1941.77 1941.67 1941.57 1941.49 1941.42 1941.38 1941.37 1941.39 1941.43 1941.5 1941.61 1941.74 1941.91 1942.11 1942.35 1942.63 1942.94 1943.29 1943.69 1944.11 1944.58 1945.07 1945.61 1946.18 1946.81 1947.48 1948.21 1948.99 1949.81 1950.66 1951.53 1952.41 1953.31 1954.21 1955.12 1956.02 1956.92 1957.8 1958.69 1959.56 1960.43 1961.3 1962.17 1963.03 1963.88 1964.73 1965.55 1966.39 1967.21 1968.04 1968.88 1969.73 1970.6 1971.5 1972.43 1973.4 1974.4 1975.45 1976.52 1977.6 1978.69 1979.75 1980.79
1942.12 1942.1 1942.05 1941.98 1941.9 1941.82 1941.74 1941.68 1941.63 1941.61 1941.61 1941.63 1941.68 1941.76 1941.86 1942.01 1942.18 1942.39 1942.64 1942.92 1943.23 1943.58 1943.97 1944.39 1944.85 1945.34 1945.87 1946.44 1947.06 1947.74 1948.48 1949.27 1950.1 1950.96 1951.84 1952.74 1953.65 1954.56 1955.48 1956.38 1957.28 1958.16 1959.04 1959.91 1960.78 1961.64 1962.5 1963.36 1964.22 1965.06 1965.88 1966.7 1967.51 1968.33 1969.16 1969.99 1970.85 1971.73 1972.65 1973.62 1974.63 1975.69 1976.77 1977.86 1978.96 1980.04 1981.09
1942.24 1942.21 1942.17 1942.11 1942.04 1941.98 1941.92 1941.88 1941.85 1941.84 1941.85 1941.87 1941.93 1942.01 1942.13 1942.28 1942.46 1942.67 1942.92 1943.21 1943.53 1943.88 1944.27 1944.69 1945.14 1945.63 1946.16 1946.72 1947.33 1948.01 1948.75 1949.56 1950.4 1951.28 1952.17 1953.08 1954 1954.93 1955.85 1956.77 1957.66 1958.53 1959.4 1960.26 1961.12 1961.98 1962.84 1963.7 1964.56 1965.4 1966.21 1967.01 1967.81 1968.62 1969.43 1970.26 1971.1 1971.96 1972.86 1973.82 1974.83 1975.9 1977 1978.11 1979.22 1980.31 1981.38
1942.38 1942.34 1942.3 1942.25 1942.19 1942.14 1942.1 1942.07 1942.06 1942.07 1942.08 1942.11 1942.17 1942.27 1942.39 1942.55 1942.74 1942.96 1943.22 1943.51 1943.83 1944.18 1944.57 1944.99 1945.45 1945.94 1946.45 1947.01 1947.6 1948.26 1949.02 1949.85 1950.72 1951.61 1952.52 1953.44 1954.37 1955.3 1956.24 1957.16 1958.04 1958.89 1959.75 1960.61 1961.47 1962.33 1963.18 1964.05 1964.9 1965.75 1966.54 1967.32 1968.1 1968.9 1969.71 1970.52 1971.34 1972.18 1973.05 1973.98 1975.01 1976.1 1977.22 1978.35 1979.46 1980.57 1981.66
1942.52 1942.48 1942.44 1942.39 1942.34 1942.3 1942.27 1942.26 1942.27 1942.3 1942.31 1942.35 1942.42 1942.52 1942.65 1942.82 1943.02 1943.25 1943.51 1943.81 1944.13 1944.49 1944.88 1945.3 1945.77 1946.26 1946.78 1947.33 1947.91 1948.51 1949.33 1950.18 1951.06 1951.95 1952.88 1953.81 1954.74 1955.68 1956.63 1957.58 1958.42 1959.26 1960.11 1960.95 1961.82 1962.67 1963.52 1964.38 1965.24 1966.1 1966.85 1967.62 1968.39 1969.17 1969.98 1970.78 1971.6 1972.42 1973.26 1974.1 1975.21 1976.32 1977.44 1978.56 1979.69 1980.8 1981.89
1942.67 1942.64 1942.61 1942.57 1942.53 1942.5 1942.47 1942.46 1942.46 1942.49 1942.52 1942.58 1942.66 1942.78 1942.92 1943.1 1943.3 1943.54 1943.81 1944.11 1944.44 1944.81 1945.21 1945.64 1946.1 1946.6 1947.12 1947.68 1948.28 1948.95 1949.72 1950.56 1951.44 1952.33 1953.24 1954.17 1955.11 1956.04 1956.98 1957.9 1958.77 1959.61 1960.45 1961.29 1962.13 1962.97 1963.82 1964.67 1965.51 1966.34 1967.12 1967.88 1968.65 1969.42 1970.21 1971.01 1971.83 1972.67 1973.53 1974.45 1975.47 1976.54 1977.63 1978.74 1979.84 1980.95 1982.04
1942.8 1942.78 1942.75 1942.71 1942.68 1942.65 1942.63 1942.63 1942.63 1942.67 1942.71 1942.78 1942.88 1943.01 1943.16 1943.35 1943.57 1943.82 1944.09 1944.4 1944.73 1945.11 1945.52 1945.96 1946.43 1946.94 1947.48 1948.06 1948.68 1949.37 1950.12 1950.95 1951.81 1952.71 1953.62 1954.54 1955.47 1956.41 1957.33 1958.23 1959.1 1959.95 1960.8 1961.63 1962.47 1963.3 1964.13 1964.96 1965.78 1966.59 1967.37 1968.14 1968.92 1969.69 1970.48 1971.29 1972.11 1972.95 1973.83 1974.76 1975.75 1976.79 1977.86 1978.95 1980.04 1981.12 1982.19
1942.95 1942.92 1942.89 1942.86 1942.83 1942.8 1942.79 1942.79 1942.81 1942.85 1942.9 1942.98 1943.09 1943.23 1943.4 1943.6 1943.83 1944.09 1944.37 1944.69 1945.03 1945.42 1945.83 1946.28 1946.77 1947.28 1947.84 1948.44 1949.08 1949.78 1950.53 1951.35 1952.2 1953.09 1953.99 1954.92 1955.84 1956.77 1957.69 1958.59 1959.45 1960.3 1961.14 1961.97 1962.79 1963.61 1964.43 1965.25 1966.05 1966.85 1967.63 1968.4 1969.18 1969.96 1970.75 1971.56 1972.39 1973.24 1974.12 1975.05 1976.02 1977.03 1978.08 1979.15 1980.22 1981.28 1982.32
1943.1 1943.07 1943.04 1943 1942.97 1942.95 1942.94 1942.95 1942.98 1943.02 1943.08 1943.17 1943.3 1943.45 1943.63 1943.84 1944.08 1944.35 1944.66 1944.98 1945.33 1945.72 1946.15 1946.61 1947.1 1947.63 1948.2 1948.82 1949.48 1950.18 1950.93 1951.74 1952.59 1953.47 1954.38 1955.3 1956.22 1957.15 1958.06 1958.95 1959.8 1960.66 1961.49 1962.31 1963.13 1963.93 1964.74 1965.54 1966.33 1967.12 1967.88 1968.66 1969.45 1970.23 1971.03 1971.83 1972.66 1973.51 1974.4 1975.32 1976.26 1977.27 1978.3 1979.34 1980.39 1981.43 1982.44
1943.27 1943.23 1943.19 1943.15 1943.12 1943.1 1943.1 1943.11 1943.14 1943.2 1943.25 1943.36 1943.5 1943.66 1943.85 1944.08 1944.33 1944.61 1944.93 1945.28 1945.62 1946.02 1946.46 1946.93 1947.43 1947.97 1948.55 1949.18 1949.85 1950.58 1951.31 1952.12 1952.97 1953.86 1954.76 1955.68 1956.61 1957.53 1958.45 1959.35 1960.18 1961.02 1961.85 1962.66 1963.46 1964.26 1965.04 1965.83 1966.61 1967.4 1968.15 1968.93 1969.72 1970.51 1971.3 1972.11 1972.93 1973.78 1974.66 1975.57 1976.5 1977.5 1978.51 1979.54 1980.56 1981.58 1982.57
1943.43 1943.39 1943.34 1943.3 1943.27 1943.25 1943.25 1943.26 1943.29 1943.36 1943.42 1943.54 1943.69 1943.87 1944.07 1944.31 1944.57 1944.87 1945.19 1945.55 1945.91 1946.32 1946.77 1947.25 1947.76 1948.31 1948.9 1949.53 1950.21 1950.95 1951.68 1952.5 1953.35 1954.24 1955.14 1956.07 1957 1957.93 1958.84 1959.74 1960.57 1961.4 1962.22 1963.02 1963.8 1964.58 1965.35 1966.13 1966.9 1967.68 1968.43 1969.21 1970 1970.79 1971.58 1972.38 1973.2 1974.04 1974.9 1975.81 1976.73 1977.71 1978.72 1979.73 1980.74 1981.74 1982.71
1943.6 1943.55 1943.5 1943.46 1943.43 1943.4 1943.39 1943.4 1943.44 1943.51 1943.58 1943.71 1943.88 1944.07 1944.29 1944.54 1944.81 1945.12 1945.45 1945.82 1946.19 1946.61 1947.07 1947.56 1948.08 1948.64 1949.23 1949.87 1950.55 1951.29 1952.04 1952.86 1953.72 1954.61 1955.52 1956.45 1957.39 1958.33 1959.25 1960.15 1960.98 1961.8 1962.6 1963.38 1964.15 1964.91 1965.67 1966.43 1967.19 1967.96 1968.71 1969.5 1970.29 1971.08 1971.87 1972.67 1973.47 1974.29 1975.14 1976.03 1976.95 1977.93 1978.93 1979.93 1980.93 1981.91 1982.87
1943.77 1943.72 1943.67 1943.62 1943.59 1943.56 1943.54 1943.55 1943.58 1943.65 1943.74 1943.89 1944.06 1944.27 1944.5 1944.76 1945.05 1945.36 1945.7 1946.08 1946.46 1946.9 1947.36 1947.86 1948.39 1948.95 1949.55 1950.19 1950.88 1951.62 1952.38 1953.21 1954.08 1954.97 1955.89 1956.83 1957.78 1958.73 1959.67 1960.58 1961.39 1962.2 1962.98 1963.74 1964.5 1965.25 1966 1966.74 1967.49 1968.25 1969.01 1969.8 1970.6 1971.39 1972.18 1972.97 1973.75 1974.55 1975.37 1976.24 1977.16 1978.15 1979.15 1980.15 1981.14 1982.11 1983.05
1943.94 1943.88 1943.83 1943.79 1943.75 1943.72 1943.7 1943.69 1943.71 1943.77 1943.89 1944.05 1944.25 1944.47 1944.72 1944.99 1945.28 1945.6 1945.95 1946.33 1946.73 1947.17 1947.65 1948.16 1948.7 1949.27 1949.87 1950.51 1951.19 1951.92 1952.7 1953.54 1954.42 1955.33 1956.25 1957.2 1958.16 1959.13 1960.09 1961.01 1961.82 1962.59 1963.36 1964.11 1964.86 1965.6 1966.34 1967.07 1967.8 1968.55 1969.32 1970.13 1970.94 1971.73 1972.52 1973.3 1974.07 1974.84 1975.62 1976.45 1977.39 1978.4 1979.41 1980.4 1981.38 1982.33 1983.26
1944.11 1944.06 1944 1943.96 1943.92 1943.88 1943.86 1943.86 1943.87 1943.89 1944.05 1944.23 1944.44 1944.67 1944.92 1945.21 1945.51 1945.84 1946.2 1946.58 1947 1947.45 1947.93 1948.44 1948.99 1949.58 1950.19 1950.83 1951.5 1952.2 1953.02 1953.87 1954.75 1955.66 1956.6 1957.56 1958.52 1959.5 1960.48 1961.47 1962.21 1962.96 1963.71 1964.46 1965.22 1965.97 1966.71 1967.43 1968.14 1968.84 1969.67 1970.49 1971.29 1972.09 1972.87 1973.66 1974.42 1975.18 1975.92 1976.66 1977.68 1978.69 1979.69 1980.67 1981.64 1982.59 1983.5
1944.29 1944.23 1944.17 1944.11 1944.07 1944.04 1944.03 1944.03 1944.05 1944.12 1944.25 1944.43 1944.63 1944.86 1945.12 1945.41 1945.72 1946.06 1946.43 1946.83 1947.25 1947.71 1948.2 1948.71 1949.27 1949.85 1950.48 1951.13 1951.82 1952.56 1953.36 1954.2 1955.08 1955.99 1956.92 1957.86 1958.83 1959.8 1960.77 1961.7 1962.52 1963.29 1964.05 1964.81 1965.56 1966.32 1967.07 1967.81 1968.54 1969.3 1970.07 1970.87 1971.68 1972.47 1973.25 1974.03 1974.81 1975.57 1976.34 1977.16 1978.08 1979.05 1980.02 1980.98 1981.92 1982.85 1983.76
1944.48 1944.41 1944.35 1944.3 1944.25 1944.23 1944.21 1944.23 1944.26 1944.34 1944.45 1944.62 1944.83 1945.06 1945.33 1945.62 1945.94 1946.29 1946.67 1947.08 1947.5 1947.97 1948.46 1948.99 1949.55 1950.14 1950.77 1951.44 1952.15 1952.91 1953.69 1954.53 1955.4 1956.31 1957.23 1958.18 1959.13 1960.09 1961.03 1961.95 1962.78 1963.59 1964.38 1965.16 1965.93 1966.69 1967.46 1968.21 1968.97 1969.75 1970.51 1971.3 1972.1 1972.9 1973.68 1974.47 1975.25 1976.03 1976.82 1977.66 1978.54 1979.47 1980.41 1981.34 1982.27 1983.18 1984.06
1944.66 1944.6 1944.53 1944.48 1944.44 1944.41 1944.4 1944.42 1944.46 1944.54 1944.65 1944.82 1945.03 1945.26 1945.53 1945.83 1946.16 1946.52 1946.9 1947.32 1947.75 1948.22 1948.72 1949.26 1949.83 1950.43 1951.07 1951.75 1952.46 1953.22 1954.01 1954.85 1955.72 1956.62 1957.54 1958.48 1959.43 1960.37 1961.3 1962.21 1963.05 1963.89 1964.7 1965.5 1966.3 1967.08 1967.86 1968.64 1969.42 1970.21 1970.97 1971.76 1972.56 1973.35 1974.14 1974.93 1975.72 1976.52 1977.33 1978.17 1979.02 1979.92 1980.83 1981.74 1982.64 1983.53 1984.4
1944.85 1944.78 1944.72 1944.66 1944.62 1944.6 1944.59 1944.61 1944.67 1944.74 1944.85 1945.02 1945.22 1945.46 1945.74 1946.04 1946.38 1946.74 1947.14 1947.56 1947.99 1948.47 1948.98 1949.52 1950.1 1950.71 1951.35 1952.04 1952.77 1953.53 1954.31 1955.15 1956.03 1956.93 1957.85 1958.78 1959.72 1960.66 1961.59 1962.49 1963.33 1964.19 1965.03 1965.86 1966.67 1967.48 1968.28 1969.08 1969.88 1970.68 1971.42 1972.23 1973.03 1973.83 1974.63 1975.42 1976.22 1977.03 1977.84 1978.68 1979.51 1980.39 1981.27 1982.16 1983.03 1983.9 1984.76
1945.03 1944.97 1944.91 1944.85 1944.81 1944.78 1944.77 1944.79 1944.85 1944.95 1945.03 1945.2 1945.41 1945.66 1945.93 1946.24 1946.59 1946.96 1947.37 1947.81 1948.22 1948.71 1949.23 1949.78 1950.36 1950.98 1951.63 1952.32 1953.06 1953.83 1954.6 1955.45 1956.33 1957.23 1958.15 1959.08 1960.01 1960.95 1961.88 1962.8 1963.63 1964.51 1965.37 1966.22 1967.06 1967.89 1968.71 1969.53 1970.35 1971.16 1971.9 1972.71 1973.52 1974.32 1975.12 1975.92 1976.73 1977.54 1978.36 1979.19 1980.01 1980.87 1981.73 1982.59 1983.45 1984.3 1985.14
1945.22 1945.16 1945.09 1945.04 1944.99 1944.96 1944.95 1944.97 1945.02 1945.11 1945.21 1945.38 1945.59 1945.84 1946.13 1946.44 1946.79 1947.17 1947.58 1948.02 1948.45 1948.95 1949.48 1950.03 1950.62 1951.24 1951.9 1952.59 1953.33 1954.1 1954.89 1955.74 1956.63 1957.53 1958.45 1959.38 1960.31 1961.25 1962.18 1963.09 1963.95 1964.84 1965.72 1966.59 1967.45 1968.3 1969.14 1969.98 1970.81 1971.62 1972.39 1973.21 1974.02 1974.82 1975.63 1976.43 1977.24 1978.06 1978.88 1979.71 1980.51 1981.36 1982.2 1983.04 1983.88 1984.71 1985.52
1945.41 1945.35 1945.28 1945.22 1945.17 1945.14 1945.12 1945.13 1945.17 1945.27 1945.38 1945.55 1945.77 1946.03 1946.32 1946.64 1946.99 1947.38 1947.79 1948.24 1948.69 1949.19 1949.72 1950.28 1950.88 1951.5 1952.16 1952.86 1953.58 1954.37 1955.17 1956.03 1956.93 1957.84 1958.76 1959.69 1960.63 1961.56 1962.48 1963.41 1964.29 1965.19 1966.09 1966.98 1967.85 1968.72 1969.58 1970.44 1971.27 1972.11 1972.9 1973.71 1974.52 1975.33 1976.14 1976.95 1977.76 1978.58 1979.4 1980.23 1981.03 1981.86 1982.68 1983.51 1984.32 1985.13 1985.93
1945.6 1945.54 1945.47 1945.41 1945.36 1945.31 1945.29 1945.29 1945.32 1945.41 1945.53 1945.72 1945.95 1946.21 1946.51 1946.83 1947.19 1947.58 1947.99 1948.45 1948.91 1949.42 1949.96 1950.53 1951.13 1951.76 1952.42 1953.11 1953.85 1954.63 1955.45 1956.33 1957.23 1958.16 1959.09 1960.02 1960.96 1961.89 1962.81 1963.74 1964.64 1965.56 1966.47 1967.37 1968.27 1969.15 1970.03 1970.9 1971.75 1972.61 1973.41 1974.22 1975.03 1975.84 1976.66 1977.47 1978.28 1979.1 1979.93 1980.75 1981.55 1982.37 1983.18 1983.98 1984.78 1985.57 1986.34
1945.8 1945.73 1945.66 1945.6 1945.54 1945.5 1945.47 1945.45 1945.47 1945.54 1945.68 1945.88 1946.13 1946.4 1946.7 1947.03 1947.39 1947.78 1948.2 1948.66 1949.14 1949.65 1950.2 1950.78 1951.39 1952.03 1952.69 1953.39 1954.1 1954.88 1955.72 1956.62 1957.55 1958.49 1959.43 1960.37 1961.31 1962.24 1963.16 1964.09 1965.01 1965.94 1966.87 1967.78 1968.69 1969.59 1970.48 1971.36 1972.24 1973.11 1973.92 1974.73 1975.54 1976.36 1977.17 1977.99 1978.81 1979.63 1980.45 1981.27 1982.08 1982.88 1983.68 1984.47 1985.25 1986.02 1986.78
